Debug：
SM4 time 0.024800ms.

PlainText:
        01 23 45 67 89 ab cd ef fe dc ba 98 76 54 32 10
        00 00 00 00 00 00 00 00 00 00 00 00 00 00 00 00
        00 00 00 00 00 00 00 00 00 00 00 00 00 00 00 00
        00 00 00 00 00 00 00 00 00 00 00 00 00 00 00 00 

CipherText:
        68 1e df 34 d2 06 96 5e 86 b3 e9 4f 53 6e 42 46
        26 77 f4 6b 09 c1 22 cc 97 55 33 10 5b d4 a2 2a
        26 77 f4 6b 09 c1 22 cc 97 55 33 10 5b d4 a2 2a
        26 77 f4 6b 09 c1 22 cc 97 55 33 10 5b d4 a2 2a

DecryptPlainText:
        01 23 45 67 89 ab cd ef fe dc ba 98 76 54 32 10
        00 00 00 00 00 00 00 00 00 00 00 00 00 00 00 00
        00 00 00 00 00 00 00 00 00 00 00 00 00 00 00 00
        00 00 00 00 00 00 00 00 00 00 00 00 00 00 00 00

Release：
SM4 time 0.001800ms.
PlainText:
        01 23 45 67 89 ab cd ef fe dc ba 98 76 54 32 10
        00 00 00 00 00 00 00 00 00 00 00 00 00 00 00 00
        00 00 00 00 00 00 00 00 00 00 00 00 00 00 00 00
        00 00 00 00 00 00 00 00 00 00 00 00 00 00 00 00 

CipherText:
        68 1e df 34 d2 06 96 5e 86 b3 e9 4f 53 6e 42 46
        26 77 f4 6b 09 c1 22 cc 97 55 33 10 5b d4 a2 2a
        26 77 f4 6b 09 c1 22 cc 97 55 33 10 5b d4 a2 2a
        26 77 f4 6b 09 c1 22 cc 97 55 33 10 5b d4 a2 2a

DecryptPlainText:
        01 23 45 67 89 ab cd ef fe dc ba 98 76 54 32 10
        00 00 00 00 00 00 00 00 00 00 00 00 00 00 00 00
        00 00 00 00 00 00 00 00 00 00 00 00 00 00 00 00
        00 00 00 00 00 00 00 00 00 00 00 00 00 00 00 00